00100000000000100000000000010100
00000000000000000000000000000000
00000000000000000000000000000000
00000000000000000000000000000000
00010000001000100000000000001101
00000000000000000000000000000000
10001100100010000000001111101000
00000010000010000001100000101010
00000000000000000000000000000000
00000000000000000000000000000000
00000000000000000000000000000000
00010000011000000000000000000011
00000000000000000000000000000000
00000000000000000000000000000000
00100001000100000000000000000000
00100000001100010000000000000000
00100000001000010000000000000001
00100000100001000000000000000100
00001000000000000000000000000001
10101100000100000000011111010000
10101100000100010000011111010100
